10110111010110111010110111010110
10110111010110111010110111010110
10110111010110111010110111010110
10110111010110111010110111010110
10110111010110111010110111010110
10110111010110111010110111010110
10110111010110111010110111010110
10110111010110111010110111010110
10110111010110111010110111010110
10110111010110111010110111010110
10110111010110111010110111010110
10110111010110111010110111010110
10110111010110111010110111010110
10110111010110111010110111010110
10110111010110111010110111010110
10110111010110111010110111010110
10110111010110111010110111010110
10110111010110111010110111010110
