101101110101101101101110101101101101110101101101101110101101101101110101101101101110101101101101110101101101101110101101101101110101101101101110101101101101110101101101101110101101101101110101101101101110101101
101101110101101101101110101101101101110101101101101110101101101101110101101101101110101101101101110101101101101110101101101101110101101101101110101101101101110101101101101110101101101101110101101101101110101101
101101110101101101101110101101101101110101101101101110101101101101110101101101101110101101101101110101101101101110101101101101110101101101101110101101101101110101101101101110101101101101110101101101101110101101
101101110101101101101110101101101101110101101101101110101101101101110101101101101110101101101101110101101101101110101101101101110101101101101110101101101101110101101101101110101101101101110101101101101110101101
101101110101101101101110101101101101110101101101101110101101101101110101101101101110101101101101110101101101101110101101101101110101101101101110101101101101110101101101101110101101101101110101101101101110101101
101101110101101101101110101101101101110101101101101110101101101101110101101101101110101101101101110101101101101110101101101101110101101101101110101101101101110101101101101110101101101101110101101101101110101101
101101110101101101101110101101101101110101101101101110101101101101110101101101101110101101101101110101101101101110101101101101110101101101101110101101101101110101101101101110101101101101110101101101101110101101
101101110101101101101110101101101101110101101101101110101101101101110101101101101110101101101101110101101101101110101101101101110101101101101110101101101101110101101101101110101101101101110101101101101110101101
101101110101101101101110101101101101110101101101101110101101101101110101101101101110101101101101110101101101101110101101101101110101101101101110101101101101110101101101101110101101101101110101101101101110101101
101101110101101101101110101101101101110101101101101110101101101101110101101101101110101101101101110101101101101110101101101101110101101101101110101101101101110101101101101110101101101101110101101101101110101101
101101110101101101101110101101101101110101101101101110101101101101110101101101101110101101101101110101101101101110101101101101110101101101101110101101101101110101101101101110101101101101110101101101101110101101
101101110101101101101110101101101101110101101101101110101101101101110101101101101110101101101101110101101101101110101101101101110101101101101110101101101101110101101101101110101101101101110101101101101110101101
101101110101101101101110101101101101110101101101101110101101101101110101101101101110101101101101110101101101101110101101101101110101101101101110101101101101110101101101101110101101101101110101101101101110101101
101101110101101101101110101101101101110101101101101110101101101101110101101101101110101101101101110101101101101110101101101101110101101101101110101101101101110101101101101110101101101101110101101101101110101101
101101110101101101101110101101101101110101101101101110101101101101110101101101101110101101101101110101101101101110101101101101110101101101101110101101101101110101101101101110101101101101110101101101101110101101
101101110101101101101110101101101101110101101101101110101101101101110101101101101110101101101101110101101101101110101101101101110101101101101110101101101101110101101101101110101101101101110101101101101110101101
101101110101101101101110101101101101110101101101101110101101101101110101101101101110101101101101110101101101101110101101101101110101101101101110101101101101110101101101101110101101101101110101101101101110101101
101101110101101101101110101101101101110101101101101110101101101101110101101101101110101101101101110101101101101110101101101101110101101101101110101101101101110101101101101110101101101101110101101101101110101101
101101110101101101101110101101101101110101101101101110101101101101110101101101101110101101101101110101101101101110101101101101110101101101101110101101101101110101101101101110101101101101110101101101101110101101
101101110101101101101110101101101101110101101101101110101101101101110101101101101110101101101101110101101101101110101101101101110101101101101110101101101101110101101101101110101101101101110101101101101110101101
101101110101101101101110101101101101110101101101101110101101101101110101101101101110101101101101110101101101101110101101101101110101101101101110101101101101110101101101101110101101101101110101101101101110101101
101101110101101101101110101101101101110101101101101110101101101101110101101101101110101101101101110101101101101110101101101101110101101101101110101101101101110101101101101110101101101101110101101101101110101101
101101110101101101101110101101101101110101101101101110101101101101110101101101101110101101101101110101101101101110101101101101110101101101101110101101101101110101101101101110101101101101110101101101101110101101
101101110101101101101110101101101101110101101101101110101101101101110101101101101110101101101101110101101101101110101101101101110101101101101110101101101101110101101101101110101101101101110101101101101110101101
101101110101101101101110101101101101110101101101101110101101101101110101101101101110101101101101110101101101101110101101101101110101101101101110101101101101110101101101101110101101101101110101101101101110101101
101101110101101101101110101101101101110101101101101110101101101101110101101101101110101101101101110101101101101110101101101101110101101101101110101101101101110101101101101110101101101101110101101101101110101101
101101110101101101101110101101101101110101101101101110101101101101110101101101101110101101101101110101101101101110101101101101110101101101101110101101101101110101101101101110101101101101110101101101101110101101
101101110101101101101110101101101101110101101101101110101101101101110101101101101110101101101101110101101101101110101101101101110101101101101110101101101101110101101101101110101101101101110101101101101110101101
101101110101101101101110101101101101110101101101101110101101101101110101101101101110101101101101110101101101101110101101101101110101101101101110101101101101110101101101101110101101101101110101101101101110101101
101101110101101101101110101101101101110101101101101110101101101101110101101101101110101101101101110101101101101110101101101101110101101101101110101101101101110101101101101110101101101101110101101101101110101101
101101110101101101101110101101101101110101101101101110101101101101110101101101101110101101101101110101101101101110101101101101110101101101101110101101101101110101101101101110101101101101110101101101101110101101
101101110101101101101110101101101101110101101101101110101101101101110101101101101110101101101101110101101101101110101101101101110101101101101110101101101101110101101101101110101101101101110101101101101110101101
101101110101101101101110101101101101110101101101101110101101101101110101101101101110101101101101110101101101101110101101101101110101101101101110101101101101110101101101101110101101101101110101101101101110101101
101101110101101101101110101101101101110101101101101110101101101101110101101101101110101101101101110101101101101110101101101101110101101101101110101101101101110101101101101110101101101101110101101101101110101101
101101110101101101101110101101101101110101101101101110101101101101110101101101101110101101101101110101101101101110101101101101110101101101101110101101101101110101101101101110101101101101110101101101101110101101
101101110101101101101110101101101101110101101101101110101101101101110101101101101110101101101101110101101101101110101101101101110101101101101110101101101101110101101101101110101101101101110101101101101110101101
101101110101101101101110101101101101110101101101101110101101101101110101101101101110101101101101110101101101101110101101101101110101101101101110101101101101110101101101101110101101101101110101101101101110101101
101101110101101101101110101101101101110101101101101110101101101101110101101101101110101101101101110101101101101110101101101101110101101101101110101101101101110101101101101110101101101101110101101101101110101101
101101110101101101101110101101101101110101101101101110101101101101110101101101101110101101101101110101101101101110101101101101110101101101101110101101101101110101101101101110101101101101110101101101101110101101
101101110101101101101110101101101101110101101101101110101101101101110101101101101110101101101101110101101101101110101101101101110101101101101110101101101101110101101101101110101101101101110101101101101110101101
101101110101101101101110101101101101110101101101101110101101101101110101101101101110101101101101110101101101101110101101101101110101101101101110101101101101110101101101101110101101101101110101101101101110101101
101101110101101101101110101101101101110101101101101110101101101101110101101101101110101101101101110101101101101110101101101101110101101101101110101101101101110101101101101110101101101101110101101101101110101101
101101110101101101101110101101101101110101101101101110101101101101110101101101101110101101101101110101101101101110101101101101110101101101101110101101101101110101101101101110101101101101110101101101101110101101
101101110101101101101110101101101101110101101101101110101101101101110101101101101110101101101101110101101101101110101101101101110101101101101110101101101101110101101101101110101101101101110101101101101110101101
101101110101101101101110101101101101110101101101101110101101101101110101101101101110101101101101110101101101101110101101101101110101101101101110101101101101110101101101101110101101101101110101101101101110101101
101101110101101101101110101101101101110101101101101110101101101101110101101101101110101101101101110101101101101110101101101101110101101101101110101101101101110101101101101110101101101101110101101101101110101101
101101110101101101101110101101101101110101101101101110101101101101110101101101101110101101101101110101101101101110101101101101110101101101101110101101101101110101101101101110101101101101110101101101101110101101
101101110101101101101110101101101101110101101101101110101101101101110101101101101110101101101101110101101101101110101101101101110101101101101110101101101101110101101101101110101101101101110101101101101110101101
